[14298.021182] [Project1] 5618 1588144505.718952677 1588144508.972401364
[14298.040874] [Project1] 5642 1588144511.859041983 1588144514.741344043
[14298.068667] [Project1] 5646 1588144517.715330645 1588144520.590699181
[14298.096773] [Project1] 5647 1588144523.447290333 1588144526.371291913
[14298.109675] [Project1] 5648 1588144529.239190885 1588144532.183919419
[14298.122882] [Project1] 5649 1588144535.115073675 1588144538.009638123
[14298.135845] [Project1] 5653 1588144540.903126260 1588144543.781630880
[14298.148653] [Project1] 5654 1588144546.658901394 1588144549.605801485
[14298.161338] [Project1] 5655 1588144552.486947934 1588144555.396579740
[14298.174207] [Project1] 5656 1588144558.370971892 1588144561.362427366
