[ 6632.754415] [Project1] 5002 1588172987.785297390 1588172991.168561734
[ 6632.788284] [Project1] 5026 1588172994.155163195 1588172996.981751253
[ 6632.812016] [Project1] 5030 1588172999.823337621 1588173002.698369208
[ 6632.837424] [Project1] 5031 1588173005.455335972 1588173008.481157103
[ 6632.852101] [Project1] 5034 1588173011.591421733 1588173014.394524123
[ 6632.865717] [Project1] 5035 1588173017.123035173 1588173020.254541727
[ 6632.878908] [Project1] 5039 1588173023.359196937 1588173026.315908589
[ 6632.891098] [Project1] 5041 1588173029.251437998 1588173032.310135750
[ 6632.903643] [Project1] 5042 1588173035.335370625 1588173038.245106230
[ 6632.916092] [Project1] 5043 1588173041.223097907 1588173044.207258634
